# RPN Electrical Engineering Constants

mu0 = 1.25663706127e-6                # vacuum permeability, H/m
epsilon0 = 8.8541878188e-12           # vacuum permittivity, F/m
Z0 = 376.730313668                    # impedance of free space, ohms

e_charge = 1.602176634e-19            # elementary charge, C
F = 96485.3321233100184               # Faraday constant, C/mol

k_e = 8.9875517923e9                  # Coulomb constant, N m^2 C^-2

electron_volt = 1.602176634e-19       # joules
